name: Level8§
author: ApocBird§
songName: Swing Machine§
songAuthor: §
levelData: {
SpawnPoint(0,2,10;0,0,0)
Spike(6,2,10;0,0,0)
YPortal(7,3,10;0,0,0)
BPortal(7,6,10;0,0,45)
Block(9,4,10;0,0,0)
JOrb(11,6,10;0,0,0)
SpeedFast(15,5,10;0,0,0)
Spike(20,2,10;0,0,0)
JOrb(22,3,10;0,0,0)
SGPortal(26,5,10;0,0,0)
Spike(30,4,10;0,0,0)
Spike(31,4,10;0,0,0)
Spike(32,4,10;0,0,0)
Spike(33,4,10;0,0,0)
Spike(30,7,10;0,0,180)
Spike(31,7,10;0,0,180)
Spike(32,7,10;0,0,180)
Spike(33,7,10;0,0,180)
YPortal(35,6,10;0,0,0)
Spike(39,5,10;0,0,0)
Spike(40,5,10;0,0,0)
Spike(42,5,10;0,0,0)
Spike(41,5,10;0,0,0)
Spike(43,5,10;0,0,0)
Spike(39,8,10;0,0,180)
Spike(40,8,10;0,0,180)
Spike(41,8,10;0,0,180)
Spike(42,8,10;0,0,180)
Spike(43,8,10;0,0,180)
CGPortal(44,6,10;0,0,0)
SpeedSlow(46,4,10;0,0,0)
BPortal(43,6,10;0,0,0)
SpeedFast(52,3,10;0,0,0)
BGPortal(51,3,10;0,0,0)
Block(58,6,10;0,0,0)
Block(59,6,10;0,0,0)
Block(60,6,10;0,0,0)
Block(61,6,10;0,0,0)
Block(62,6,10;0,0,0)
Block(63,6,10;0,0,0)
Block(64,6,10;0,0,0)
Spike(59,2,10;0,0,0)
Spike(60,2,10;0,0,0)
Spike(58,2,10;0,0,0)
Spike(64,5,10;0,0,180)
Spike(63,5,10;0,0,180)
CGPortal(66,3,10;0,0,0)
Spike(71,2,10;0,0,0)
Spike(78,2,10;0,0,0)
Slope45(83,2,10;0,0,90)
Slope45(84,3,10;0,0,89)
Slope45(85,4,10;0,0,89)
Slope45(86,5,10;0,0,89)
Slope45(87,6,10;0,0,89)
JPad(99,2,10;0,0,0)
LevelEnd(103,5,10;0,0,0)
Block(57,6,10;0,0,0)
}
