name: Level7§
author: §
songName: §
songAuthor: §
levelData: {
SpawnPoint(0,2,10;0,0,0)
Block(7,2,10;0,0,0)
Spike(6,2,10;0,0,0)
Spike(9,3,10;0,0,90)
Spike(9,4,10;0,0,90)
Block(10,3,10;0,0,0)
Block(10,4,10;0,0,0)
Spike(10,2,10;0,0,0)
JOrb(13,4,10;0,0,0)
JOrb(16,5,10;0,0,0)
Block(19,4,10;0,0,0)
Block(20,4,10;0,0,0)
Block(18,4,10;0,0,0)
Block(24,6,10;0,0,0)
Block(25,6,10;0,0,0)
Block(26,6,10;0,0,0)
Block(18,3,10;0,0,0)
Block(18,2,10;0,0,0)
Block(20,3,10;0,0,0)
Block(20,2,10;0,0,0)
Block(24,5,10;0,0,0)
Block(24,4,10;0,0,0)
Block(24,3,10;0,0,0)
Block(24,2,10;0,0,0)
Block(27,6,10;0,0,0)
Block(27,5,10;0,0,0)
Block(27,4,10;0,0,0)
Block(27,3,10;0,0,0)
Block(27,2,10;0,0,0)
Spike(21,2,10;0,0,0)
Spike(23,1,10;0,0,0)
Spike(23,1,10;0,0,0)
Spike(22,2,10;0,0,0)
Spike(23,2,10;0,0,0)
Block(27,7,10;0,0,0)
Spike(27,8,10;0,0,0)
SGPortal(32,5,10;0,0,0)
Spike(37,2,10;0,0,0)
Spike(38,3,10;0,0,0)
Spike(39,3,10;0,0,0)
Spike(40,4,10;0,0,0)
Spike(41,5,10;0,0,0)
Spike(42,5,10;0,0,0)
Spike(43,5,10;0,0,0)
Spike(44,4,10;0,0,0)
Spike(45,3,10;0,0,0)
Spike(46,3,10;0,0,0)
Spike(47,2,10;0,0,0)
Block(38,2,10;0,0,0)
Block(39,2,10;0,0,0)
Block(40,3,10;0,0,0)
Block(41,4,10;0,0,0)
Block(42,4,10;0,0,0)
Block(43,4,10;0,0,0)
Block(44,3,10;0,0,0)
Block(45,2,10;0,0,0)
Block(46,2,10;0,0,0)
Spike(17,4,10;0,0,90)
Spike(17,3,10;0,0,90)
Spike(17,2,10;0,0,90)
Spike(23,3,10;0,0,90)
Spike(23,4,10;0,0,90)
Spike(23,5,10;0,0,90)
Spike(23,6,10;0,0,90)
Spike(53,4,10;0,0,0)
Spike(54,4,10;0,0,0)
Spike(55,4,10;0,0,0)
Spike(53,7,10;0,0,179)
Spike(54,7,10;0,0,179)
Spike(55,7,10;0,0,181)
Block(53,3,10;0,0,0)
Block(54,3,10;0,0,0)
Block(55,3,10;0,0,0)
Block(53,8,10;0,0,0)
Block(54,8,10;0,0,0)
Block(55,8,10;0,0,0)
CGPortal(56,6,10;0,0,0)
LevelEnd(64,6,10;0,0,0)
}
