name: Level1§
author: §
songName: StereoMadness§
songAuthor: §
levelData: {
SpawnPoint(0,2,10;0,0,0)
Block(21,2,10;0,0,0)
Spike(22,2,10;0,0,0)
Spike(23,2,10;0,0,0)
Spike(24,2,10;0,0,0)
Block(25,2,10;0,0,0)
Block(29,2,10;0,0,0)
Spike(26,2,10;0,0,0)
Spike(27,2,10;0,0,0)
Spike(28,2,10;0,0,0)
Block(25,3,10;0,0,0)
Block(29,3,10;0,0,0)
Block(29,4,10;0,0,0)
Block(38,2,10;0,0,0)
Block(39,2,10;0,0,0)
Block(40,2,10;0,0,0)
Block(41,2,10;0,0,0)
Block(42,2,10;0,0,0)
Block(43,2,10;0,0,0)
Block(43,3,10;0,0,0)
Spike(44,2,10;0,0,0)
Spike(45,2,10;0,0,0)
Spike(46,2,10;0,0,0)
Spike(47,2,10;0,0,0)
Block(47,3,10;0,0,0)
Block(51,4,10;0,0,0)
Block(55,5,10;0,0,0)
Spike(49,2,10;0,0,0)
Spike(48,2,10;0,0,0)
Spike(50,2,10;0,0,0)
Spike(51,2,10;0,0,0)
Spike(52,2,10;0,0,0)
Spike(53,2,10;0,0,0)
Spike(62,2,10;0,0,0)
JOrb(62,4,10;0,0,0)
JOrb(70,4,10;0,0,0)
Spike(70,2,10;0,0,0)
Block(79,2,10;0,0,0)
Block(79,5,10;0,0,0)
Block(85,2,10;0,0,0)
Block(85,5,10;0,0,0)
Block(92,2,10;0,0,0)
Block(91,2,10;0,0,0)
Block(93,2,10;0,0,0)
Block(94,2,10;0,0,0)
Block(99,2,10;0,0,0)
Block(99,3,10;0,0,0)
Block(103,4,10;0,0,0)
Block(107,5,10;0,0,0)
LevelEnd(122,7,10;0,0,0)
Block(95,2,10;0,0,0)
Block(91,5,10;0,0,0)
SpeedFast(111,3,10;0,0,0)
}
